SRR10102444 SRR10102444 -0.100542 -0.0721166 -0.0254314 0.219107 -0.209523 -0.151322 -0.123164 0.0210412 -0.204958 -0.0653003 0.209593 0.0384307 -0.0716869 -0.00813452 0.0509343 -0.0613475 0.162276 -0.052305 -0.0174267 -0.164199
SRR10102445 SRR10102445 -0.0961594 -0.0736201 0.0143672 0.160964 -0.352267 0.478374 -0.317487 0.280083 0.0867153 0.0879815 -0.0325476 0.0374912 0.181869 -0.131401 0.0495548 -0.128361 -0.13578 -0.167027 0.22987 -0.140635
SRR10102446 SRR10102446 -0.101792 -0.0736173 -0.00969189 0.248239 -0.247483 0.0463065 -0.0136398 0.0689574 -0.0301402 -0.079358 0.191804 0.100024 0.0960387 -0.11359 0.0806663 -0.120335 0.0892035 0.18897 -0.0335087 0.0584701
SRR10102448 SRR10102448 0.0686783 0.0125531 0.856749 -0.310911 -0.319642 -0.0376767 0.0526519 -0.0243283 -0.0938561 0.0317137 0.038825 -0.0560614 -0.0115207 0.0204694 0.0114101 0.0433874 5.97422e-05 0.0151226 -0.060152 0.00605654
SRR10102449 SRR10102449 0.218782 -0.00426313 -0.0600248 -0.00179393 -0.0266329 -0.00857261 0.00675794 -0.0189178 0.0149181 -0.00762556 0.00518434 -0.0440888 -0.0205961 0.0259334 -0.0134672 0.00551902 0.0155524 -0.0025687 -0.037142 -0.0102872
SRR10102450 SRR10102450 0.222706 -0.00335154 -0.0317398 -0.00665316 -0.005012 -0.00528525 0.00241071 -0.0132758 -0.000866151 -0.00806716 0.0105457 -0.0100875 -0.0147441 0.0172 -0.0227771 -0.0140953 0.0144334 -0.0169937 -0.0340951 -0.00705197
SRR10102451 SRR10102451 0.220829 -0.00216632 -0.0247058 -0.0119185 -0.021778 -0.00733273 0.0052771 -0.01189 -0.0155283 -0.00472894 0.00797012 -0.0274002 -0.00174753 0.00152304 -0.0152785 -0.000699375 0.012868 0.0214822 -0.0401625 -0.0238556
SRR10102452 SRR10102452 -0.103684 -0.0810703 -0.0525483 0.073363 -0.0604812 -0.317251 0.0782201 0.0740356 -0.0748811 0.545093 -0.323496 0.0577117 0.312495 0.186362 0.0388464 -0.105005 0.118463 -0.102118 0.070471 -0.268547
SRR10102453 SRR10102453 0.223412 -0.00375569 -0.0431476 0.00458568 -0.0106481 -0.00701792 0.00178693 -0.01954 0.0132229 -0.00171779 0.0219165 -0.0290532 0.0213249 0.0031288 -0.0146232 -0.018755 0.00905308 -0.00248099 -0.00152287 -0.00326427
SRR10102454 SRR10102454 0.222684 -0.00545972 -0.0549441 0.0272101 0.0283239 -0.00230294 -0.00807485 0.0022935 0.0206244 0.000464038 -0.0192042 0.00337628 -0.00200126 -0.0199425 0.00312248 0.000501926 0.00166638 -0.0171673 -0.00697607 0.000888812
SRR10102455 SRR10102455 0.223146 -0.0067497 -0.00245628 0.0207652 0.00907124 0.00542683 0.020887 -0.015608 0.00120952 0.00471706 -0.000409847 -0.044306 0.0304373 -0.0157922 -0.0212766 0.00809976 -0.0334361 -0.0224308 -0.0114141 0.0111872
SRR10102456 SRR10102456 0.197736 -0.0144293 0.124568 0.139411 0.224497 0.0736435 -0.121676 0.140809 0.00199166 0.0742193 -0.109758 0.318773 -0.0764956 -0.0340336 0.124308 -0.0319768 0.0529108 0.0112635 -0.00517792 0.0969828
SRR10102457 SRR10102457 0.221684 -0.00321965 -0.0272678 -0.0177032 -0.0312642 -0.00831535 0.0131931 0.0079226 -0.00707318 -0.0112503 0.0136306 -0.0353402 0.00453576 0.0142398 -0.015006 0.0214937 -0.00140241 -0.00181396 -0.000338607 -0.0116433
SRR10102458 SRR10102458 0.222782 -0.000281824 -0.0620086 -0.00359628 0.000140597 -0.00894697 0.0107806 -0.011012 0.00319915 0.00784057 -0.00194086 0.00325124 -0.0176185 0.0123783 -0.00889185 0.00182231 0.0035639 -0.010065 -0.0269174 3.76313e-05
SRR10102460 SRR10102460 0.224919 -0.00413458 -0.0649568 -0.00886592 -0.0134151 -0.00378052 0.0173979 -0.0236326 -0.00883342 -0.0274227 0.0213186 -0.0494401 0.0381415 -0.000287368 -0.0118711 0.00867515 -0.0151421 0.0117699 0.0915179 -0.0604408
SRR10102461 SRR10102461 0.221108 0.00239559 -0.054906 -0.00415564 -0.0118422 -0.00734676 0.0272784 -0.00925016 -0.00755242 -0.0296583 0.0287093 -0.0519182 0.0335063 -0.00683755 -0.0298098 0.0095974 -0.0309607 0.0141501 0.0853898 -0.0551106
SRR10102462 SRR10102462 0.219992 -0.00321606 -0.0402692 0.00198504 -0.0126757 -0.00969102 0.0135394 -0.0306027 -0.00403818 -0.0214569 0.0237929 -0.0418128 0.00631924 0.01421 -0.0123997 -0.0127792 0.00980318 0.00481305 -0.00796584 0.00426228
SRR10102463 SRR10102463 -0.102688 -0.0891497 -0.00656104 0.0783246 -0.0977889 -0.256898 -0.279027 0.0228853 0.0345214 -0.435898 -0.150436 0.185951 -0.0398105 -0.00755401 -0.0406567 0.276917 0.167877 -0.302428 -0.0949455 -0.0296448
SRR10102464 SRR10102464 0.224039 -0.00460531 -0.0423471 0.00500324 0.0119376 -0.0123106 -0.00475077 0.0130437 0.0162374 -0.0140773 -0.0224977 0.0130368 -0.010187 -0.0246273 0.0114674 0.00477108 -0.00536745 0.0130909 0.00798909 0.0262619
SRR10102465 SRR10102465 0.221377 -0.0058794 -0.0597182 0.00703338 -0.00697108 -0.0035387 0.0105242 -0.0110986 0.010622 -0.0114649 0.0107797 -0.0160285 0.00141351 0.0148655 0.00618612 -0.00097999 -0.0132355 -0.0140342 0.0219163 -0.00112496
SRR10102468 SRR10102468 -0.0941719 0.463168 -0.0193338 0.0388995 -0.0233254 -0.0214674 -0.0152306 -0.016872 -0.0179317 0.0192725 -0.0342889 -0.00479207 0.0498401 0.0322624 -0.0341403 -0.0140792 -0.0722372 0.0398252 -0.0369132 0.044091
SRR10102470 SRR10102470 -0.0978054 0.451771 -0.0282577 0.00568663 0.0180744 0.0774217 0.0529677 0.00611017 0.0207821 0.0647693 -0.0260158 0.04009 -0.0447369 -0.0796379 -0.012102 -0.000416564 0.0455138 -0.114826 0.0525259 -0.162323
SRR10102471 SRR10102471 -0.0963914 0.472092 0.0182518 0.0586923 0.0339359 -0.0586589 -0.0251817 -0.0108387 0.0638349 -0.0695221 -0.0153337 -0.0600496 0.0380133 0.039441 -0.00469447 0.0214435 0.0326274 0.0232314 0.00236874 -0.00768508
SRR10102472 SRR10102472 -0.0940204 0.472671 -0.0201702 -0.00265167 -0.0250994 -0.0371199 -0.00599653 0.0342004 -0.0536173 -0.0287683 0.0322205 0.0322993 -0.0243222 0.0151801 0.0533619 0.00941021 -0.015949 0.0719403 -0.0133801 0.133486
SRR10102473 SRR10102473 -0.10042 -0.0724392 -0.0510496 -0.0992808 -0.00967429 -0.0458858 0.0276613 -0.0881413 0.0041726 0.183458 0.16485 0.1783 -0.141389 0.165339 0.281293 -0.11238 -0.0306404 0.461237 -6.77275e-05 -0.208708
SRR10102474 SRR10102474 -0.0965562 -0.0746776 0.148684 0.354853 0.274784 0.184836 -0.104803 -0.0505742 -0.0290859 -0.0678726 -0.0157279 -0.00632806 -0.0909893 0.259603 0.0666354 -0.155101 0.10403 0.0769713 -0.233788 0.174461
SRR10102475 SRR10102475 -0.0999038 -0.0649927 -0.0812403 -0.200656 0.0534012 -0.101449 0.0786914 0.389927 -0.235152 -0.0122317 0.199046 0.221122 0.0103125 -0.0602811 -0.0460381 -0.0727281 -0.371697 -0.0804548 -0.382032 -0.0270037
SRR10102476 SRR10102476 -0.100462 -0.0777512 -0.0604882 -0.0878785 0.104907 -0.0174542 0.181568 -0.146842 -0.0775601 0.0793909 -0.0474658 0.096586 0.0714256 -0.567078 0.0146043 0.117083 -0.0437937 0.149282 0.0426066 0.0289526
SRR10102477 SRR10102477 -0.104278 -0.0559732 -0.0187308 -0.13094 0.179011 -0.0629303 0.02214 -0.039863 -0.37791 -0.130581 -0.118436 -0.356273 0.0435937 -0.0862726 -0.160618 -0.276581 -0.128623 -0.20084 0.0838401 -0.0732717
SRR10102478 SRR10102478 -0.101552 -0.0569589 -0.0244186 -0.126856 0.024813 0.0402882 0.00186382 -0.0413883 -0.0943013 0.0214439 -0.114433 0.163575 -0.349967 -0.209534 0.140865 0.22789 0.427759 -0.0298544 -0.0640587 -0.167572
SRR10102479 SRR10102479 -0.102756 -0.0508226 -0.0209566 -0.0156073 0.125956 0.0570186 -0.0937451 0.0719001 0.0158365 0.0175792 0.41625 -0.254216 0.363516 0.0404948 -0.227892 0.2145 0.209434 -0.0115505 -0.263038 -0.207013
SRR10102480 SRR10102480 -0.0986018 -0.0683002 -0.0185138 -0.160117 0.00959671 -0.141111 -0.0369135 0.00315592 0.12765 0.122558 0.0107889 0.257691 0.0210976 0.245872 -0.520405 0.0331675 0.183846 0.13632 0.230887 0.141777
SRR10102481 SRR10102481 -0.0979561 -0.0624079 -0.0140827 -0.0529795 0.147568 -0.0149948 -0.27307 -0.112912 0.0313619 0.141763 0.360726 -0.341002 -0.16178 0.142289 0.109249 0.255103 -0.0275485 0.067207 0.244573 -0.030543
SRR10102482 SRR10102482 -0.101295 -0.0721878 -0.0665035 -0.0919494 0.0722047 -0.0788465 -0.108992 0.216261 -0.22043 0.128062 0.0951974 0.028349 -0.0838278 0.109331 0.226473 0.0945025 -0.185855 -0.069146 0.133031 0.508659
SRR10102483 SRR10102483 -0.101507 -0.0585598 0.022594 -0.173012 0.0806036 0.0165382 0.0253264 -0.0877441 0.146633 -0.306189 -0.0417078 0.144837 0.113629 0.220279 0.19816 0.094035 -0.234507 -0.137324 0.470509 -0.135784
SRR10102484 SRR10102484 -0.102897 -0.050585 -0.0701064 -0.187342 -0.0535728 0.454006 -0.16223 -0.208411 0.0985451 0.14111 -0.155569 0.0332977 -0.267361 0.0631828 -0.36927 -0.125209 -0.102225 0.00681854 -0.177763 0.0194479
SRR10102486 SRR10102486 -0.099909 -0.0621067 -0.0536304 -0.10494 0.0697823 0.413639 0.269834 0.0320702 -0.395835 -0.15807 -0.230754 -0.138027 0.203337 0.111106 0.145826 0.14454 0.282781 0.153812 0.0924711 0.054051
SRR10102487 SRR10102487 -0.0994365 -0.0423219 0.0211553 -0.0774705 0.205867 -0.0521573 0.0141254 0.13471 0.0407646 -0.0596768 -0.00624418 -0.0628868 -0.422665 -0.0592288 -0.0737119 -0.155881 -0.110909 -0.0714678 0.0698436 -0.386583
SRR10102488 SRR10102488 -0.100613 -0.0450941 -0.0206218 -0.143878 0.0120544 -0.0178996 0.132492 -0.0726848 0.438132 0.106639 0.200116 -0.157291 0.019364 -0.295423 0.263908 -0.298371 0.219844 -0.253463 0.0154579 0.195977
SRR10102489 SRR10102489 -0.100969 -0.0623839 -0.0537665 -0.191404 0.0455578 -0.0260378 -0.125595 -0.496013 0.0515215 -0.225362 0.0415497 0.267431 0.3663 0.0155815 0.0825003 -0.200021 -0.123407 0.0634788 -0.189135 -0.0124043
SRR10102490 SRR10102490 -0.099467 -0.060116 -0.0545942 -0.0889573 -0.0125313 0.0280224 0.132205 0.0333367 0.0556819 0.145209 0.0604995 0.0823352 0.0346609 -0.0652035 -0.20873 0.162801 0.096409 -0.236899 0.0586132 0.341768
SRR10102491 SRR10102491 -0.103401 -0.0873638 -0.0215122 -0.14606 -0.0167848 -0.194539 -0.130462 0.401896 0.318653 -0.252474 -0.323121 -0.296882 0.0513047 -0.0744488 -0.0378837 -0.149069 0.0827319 0.452145 -0.032706 0.110075
SRR10102492 SRR10102492 -0.101167 -0.0803526 -0.066752 0.0669458 -0.148878 -0.0723776 -0.123413 -0.213306 0.12454 0.202061 -0.345517 -0.265888 -0.0294086 0.033063 0.200666 0.364775 -0.296097 -0.054016 -0.332176 0.0366067
SRR10102494 SRR10102494 -0.100458 -0.0762817 0.00197748 0.331366 -0.187335 -0.0203919 0.290077 -0.0669931 0.0352979 -0.0833517 0.0736095 0.00432862 -0.0620319 -0.197555 -0.243187 0.271203 -0.294284 0.265094 0.160846 -0.0214666
SRR10102495 SRR10102495 -0.102306 -0.0828011 -0.00482747 0.25158 -0.224031 -0.209313 0.0662112 -0.289509 -0.210787 -0.0501937 -0.0188763 -0.153689 -0.192854 0.0454058 -0.100935 -0.335421 0.057765 -0.0710196 0.109086 0.191973
SRR10102496 SRR10102496 -0.101196 -0.0825644 -0.0186532 0.0952622 -0.0715755 0.0945727 0.597098 0.120854 0.284748 -0.12502 0.0462065 -0.0142938 -0.0922596 0.354384 0.0691842 0.016104 -0.0247404 -0.190363 -0.175041 -0.0566686
SRR10102497 SRR10102497 -0.0610653 -0.0732063 0.392718 0.347187 0.511417 -0.0182581 0.0164052 -0.0190873 0.116232 0.0765667 -0.0721988 0.0361621 0.13748 -0.148793 -0.081016 0.019223 -0.101835 -0.0298308 0.056809 -0.025881
